100
-1 0
573380 -377045
598744 272821
-1 -1
195387 415458
-162714 516393
633375 0
1 -1
-407872 89185
-858043 832614
146874 307612
283185 620310
1 1
82688 -939912
-421669 -282675
-1 1
-766488 72335
770247 133648
-784274 460775
-236912 -765
-954189 -106802
-880162 -148985
395159 -359789
421235 -369971
-216646 327812
29591 -623444
1 0
163558 -577708
-132710 -614682
809934 797892
900791 -227010
-2 -1
1000000 1000000
589563 21810
-101260 181357
-449784 12152
201714 -110575
-2 1
-123013 345558
1 -2
0 -1
-543889 219481
-526414 645973
143478 311813
74366 860344
164426 158380
804640 -129924
-975907 230675
-574850 -459650
-568 -736402
-687403 756771
789047 -895992
-781678 855177
-753097 -497786
-128602 -983040
870345 0
593650 -605410
-899773 -674689
133674 -36379
500511 425916
413134 -82879
-1 -2
836263 -245330
0 -343268
-51441 122741
397253 -583867
333254 -839602
918822 -509846
-307237 -29642
-416607 -939938
-295475 442737
168998 736429
0 -2
-1000000 -1000000
-978955 -540919
164425 158380
-2 0
472211 -544888
5222 0
0 1
-407152 -395414
787180 911342
160425 -93367
-795122 -662618
-620922 321497
-738786 -153513
139701 -738463
0 -596999
-129446 -481731
0 57102
-361607 250027
-699650 -523268
669676 0
633374 0
-2 -2
-558741 -476291
266283 708012
185772 -884082
41979 -773643
-56317 453947
